[ 86  96 101 131 157 181 205 254 291 318 373 377 390]
[ 32  38  40  41  42  45  46  53  55  73  84  85  95 100 103 108 116 118
 120 123 125 133 137 139 146 159 163 164 165 168 173 174 178 184 185 189
 203 218 222 224 226 241 244 253 255 261 262 265 274 275 293 295 298 301
 302 304 305 313 314 316 324 325 326 330 339 340 351 354 357 370 375 386]
[  2   8   9  10  12  15  16  17  19  20  21  22  23  26  31  33  35  36
  37  39  43  44  51  52  57  58  59  61  67  68  69  72  75  78  80  81
  90 107 113 121 122 129 136 138 145 148 152 153 155 161 167 171 175 177
 188 193 195 201 207 212 217 220 221 223 225 235 238 240 248 249 257 258
 259 267 269 273 277 278 279 280 282 288 307 321 327 329 333 346 350 355
 365 368 369 371 376 382 384 394 395 398]
[ 11  14  25  30  48  66  71  77  83  88  91  94  97  99 102 104 105 106
 110 115 117 132 134 135 154 158 160 162 166 176 179 183 191 196 197 199
 200 206 208 211 214 215 216 219 229 230 239 242 247 250 251 252 256 260
 263 264 270 271 272 276 283 292 294 297 303 308 309 312 315 328 335 337
 338 342 344 347 348 352 353 359 360 362 364 367 372 374 378 379 380 387
 391 392 393 396 397]
[ 74  92  98 156 180 209 213 300 334 343 356 389]
[  0   1   3   4   5   6   7  13  18  24  27  28  29  34  47  49  50  54
  56  60  62  63  64  65  70  76  79  82  87  89  93 109 111 112 114 119
 124 126 127 128 130 140 141 142 143 144 147 149 150 151 169 170 172 182
 186 187 190 192 194 198 202 204 210 227 228 231 232 233 234 236 237 243
 245 246 266 268 281 284 285 286 287 289 290 296 299 306 310 311 317 319
 320 322 323 331 332 336 341 345 349 358 361 363 366 381 383 385 388 399
 400]
